1.000000e+7    1.328204e-11
3.001001e+7    1.077238e-9
5.002002e+7    8.313563e-9
7.003003e+7    3.193714e-8
9.004004e+7    8.726315e-8
1.100501e+8    1.946978e-7
1.300601e+8    3.797257e-7
1.500701e+8    6.728946e-7
1.700801e+8    1.109797e-6
1.900901e+8    1.731047e-6
2.101001e+8    2.582259e-6
2.301101e+8    3.714014e-6
2.501201e+8    5.181835e-6
2.701301e+8    7.046146e-6
2.901401e+8    9.372241e-6
3.101502e+8    1.223023e-5
3.301602e+8    1.569502e-5
3.501702e+8    1.984621e-5
3.701802e+8    2.476811e-5
3.901902e+8    3.054961e-5
4.102002e+8    3.728416e-5
4.302102e+8    4.506967e-5
4.502202e+8    5.400844e-5
4.702302e+8    6.420706e-5
4.902402e+8    7.577629e-5
5.102503e+8    8.883100e-5
5.302603e+8    1.034900e-4
5.502703e+8    1.198757e-4
5.702803e+8    1.381146e-4
5.902903e+8    1.583361e-4
6.103003e+8    1.806731e-4
6.303103e+8    2.052616e-4
6.503203e+8    2.322400e-4
6.703303e+8    2.617494e-4
6.903403e+8    2.939328e-4
7.103504e+8    3.289348e-4
7.303604e+8    3.669015e-4
7.503704e+8    4.079795e-4
7.703804e+8    4.523158e-4
7.903904e+8    5.000567e-4
8.104004e+8    5.513477e-4
8.304104e+8    6.063323e-4
8.504204e+8    6.651514e-4
8.704304e+8    7.279423e-4
8.904404e+8    7.948378e-4
9.104505e+8    8.659649e-4
9.304605e+8    9.414438e-4
9.504705e+8    1.021387e-3
9.704805e+8    1.105896e-3
9.904905e+8    1.195064e-3
1.010501e+9    1.288970e-3
1.030511e+9    1.387678e-3
1.050521e+9    1.491238e-3
1.070531e+9    1.599682e-3
1.090541e+9    1.713022e-3
1.110551e+9    1.831249e-3
1.130561e+9    1.954332e-3
1.150571e+9    2.082212e-3
1.170581e+9    2.214807e-3
1.190591e+9    2.352004e-3
1.210601e+9    2.493660e-3
1.230611e+9    2.639602e-3
1.250621e+9    2.789622e-3
1.270631e+9    2.943480e-3
1.290641e+9    3.100899e-3
1.310651e+9    3.261568e-3
1.330661e+9    3.425142e-3
1.350671e+9    3.591237e-3
1.370681e+9    3.759440e-3
1.390691e+9    3.929300e-3
1.410701e+9    4.100336e-3
1.430711e+9    4.272040e-3
1.450721e+9    4.443874e-3
1.470731e+9    4.615279e-3
1.490741e+9    4.785675e-3
1.510751e+9    4.954467e-3
1.530761e+9    5.121047e-3
1.550771e+9    5.284804e-3
1.570781e+9    5.445122e-3
1.590791e+9    5.601391e-3
1.610801e+9    5.753010e-3
1.630811e+9    5.899393e-3
1.650821e+9    6.039973e-3
1.670831e+9    6.174207e-3
1.690841e+9    6.301584e-3
1.710851e+9    6.421625e-3
1.730861e+9    6.533889e-3
1.750871e+9    6.637978e-3
1.770881e+9    6.733537e-3
1.790891e+9    6.820255e-3
1.810901e+9    6.897873e-3
1.830911e+9    6.966178e-3
1.850921e+9    7.025006e-3
1.870931e+9    7.074244e-3
1.890941e+9    7.113824e-3
1.910951e+9    7.143727e-3
1.930961e+9    7.163978e-3
1.950971e+9    7.174642e-3
1.970981e+9    7.175828e-3
1.990991e+9    7.167679e-3
2.011001e+9    7.150372e-3
2.031011e+9    7.124117e-3
2.051021e+9    7.089150e-3
2.071031e+9    7.045729e-3
2.091041e+9    6.994138e-3
2.111051e+9    6.934674e-3
2.131061e+9    6.867653e-3
2.151071e+9    6.793401e-3
2.171081e+9    6.712253e-3
2.191091e+9    6.624552e-3
2.211101e+9    6.530647e-3
2.231111e+9    6.430888e-3
2.251121e+9    6.325626e-3
2.271131e+9    6.215213e-3
2.291141e+9    6.100000e-3
2.311151e+9    5.980332e-3
2.331161e+9    5.856552e-3
2.351171e+9    5.729000e-3
2.371181e+9    5.598010e-3
2.391191e+9    5.463908e-3
2.411201e+9    5.327018e-3
2.431211e+9    5.187656e-3
2.451221e+9    5.046133e-3
2.471231e+9    4.902753e-3
2.491241e+9    4.757816e-3
2.511251e+9    4.611614e-3
2.531261e+9    4.464437e-3
2.551271e+9    4.316566e-3
2.571281e+9    4.168280e-3
2.591291e+9    4.019852e-3
2.611301e+9    3.871552e-3
2.631311e+9    3.723644e-3
2.651321e+9    3.576390e-3
2.671331e+9    3.430048e-3
2.691341e+9    3.284872e-3
2.711351e+9    3.141114e-3
2.731361e+9    2.999023e-3
2.751371e+9    2.858843e-3
2.771381e+9    2.720816e-3
2.791391e+9    2.585184e-3
2.811401e+9    2.452181e-3
2.831411e+9    2.322041e-3
2.851421e+9    2.194993e-3
2.871431e+9    2.071262e-3
2.891441e+9    1.951072e-3
2.911451e+9    1.834637e-3
2.931461e+9    1.722171e-3
2.951471e+9    1.613879e-3
2.971481e+9    1.509962e-3
2.991491e+9    1.410613e-3
3.011502e+9    1.316018e-3
3.031512e+9    1.226354e-3
3.051522e+9    1.141790e-3
3.071532e+9    1.062485e-3
3.091542e+9    9.885876e-4
3.111552e+9    9.202340e-4
3.131562e+9    8.575492e-4
3.151572e+9    8.006450e-4
3.171582e+9    7.496195e-4
3.191592e+9    7.045560e-4
3.211602e+9    6.655228e-4
3.231612e+9    6.325724e-4
3.251622e+9    6.057406e-4
3.271632e+9    5.850462e-4
3.291642e+9    5.704907e-4
3.311652e+9    5.620575e-4
3.331662e+9    5.597120e-4
3.351672e+9    5.634014e-4
3.371682e+9    5.730543e-4
3.391692e+9    5.885810e-4
3.411702e+9    6.098736e-4
3.431712e+9    6.368064e-4
3.451722e+9    6.692359e-4
3.471732e+9    7.070015e-4
3.491742e+9    7.499263e-4
3.511752e+9    7.978172e-4
3.531762e+9    8.504664e-4
3.551772e+9    9.076517e-4
3.571782e+9    9.691377e-4
3.591792e+9    1.034677e-3
3.611802e+9    1.104011e-3
3.631812e+9    1.176870e-3
3.651822e+9    1.252978e-3
3.671832e+9    1.332050e-3
3.691842e+9    1.413794e-3
3.711852e+9    1.497914e-3
3.731862e+9    1.584110e-3
3.751872e+9    1.672079e-3
3.771882e+9    1.761517e-3
3.791892e+9    1.852120e-3
3.811902e+9    1.943585e-3
3.831912e+9    2.035611e-3
3.851922e+9    2.127900e-3
3.871932e+9    2.220158e-3
3.891942e+9    2.312096e-3
3.911952e+9    2.403432e-3
3.931962e+9    2.493890e-3
3.951972e+9    2.583202e-3
3.971982e+9    2.671108e-3
3.991992e+9    2.757357e-3
4.012002e+9    2.841707e-3
4.032012e+9    2.923927e-3
4.052022e+9    3.003794e-3
4.072032e+9    3.081099e-3
4.092042e+9    3.155641e-3
4.112052e+9    3.227232e-3
4.132062e+9    3.295695e-3
4.152072e+9    3.360865e-3
4.172082e+9    3.422587e-3
4.192092e+9    3.480721e-3
4.212102e+9    3.535136e-3
4.232112e+9    3.585715e-3
4.252122e+9    3.632351e-3
4.272132e+9    3.674949e-3
4.292142e+9    3.713428e-3
4.312152e+9    3.747717e-3
4.332162e+9    3.777757e-3
4.352172e+9    3.803500e-3
4.372182e+9    3.824910e-3
4.392192e+9    3.841963e-3
4.412202e+9    3.854646e-3
4.432212e+9    3.862956e-3
4.452222e+9    3.866902e-3
4.472232e+9    3.866504e-3
4.492242e+9    3.861791e-3
4.512252e+9    3.852805e-3
4.532262e+9    3.839597e-3
4.552272e+9    3.822228e-3
4.572282e+9    3.800770e-3
4.592292e+9    3.775304e-3
4.612302e+9    3.745922e-3
4.632312e+9    3.712723e-3
4.652322e+9    3.675819e-3
4.672332e+9    3.635326e-3
4.692342e+9    3.591375e-3
4.712352e+9    3.544100e-3
4.732362e+9    3.493646e-3
4.752372e+9    3.440165e-3
4.772382e+9    3.383818e-3
4.792392e+9    3.324772e-3
4.812402e+9    3.263201e-3
4.832412e+9    3.199286e-3
4.852422e+9    3.133213e-3
4.872432e+9    3.065176e-3
4.892442e+9    2.995371e-3
4.912452e+9    2.924000e-3
4.932462e+9    2.851271e-3
4.952472e+9    2.777392e-3
4.972482e+9    2.702577e-3
4.992492e+9    2.627040e-3
5.012503e+9    2.550999e-3
5.032513e+9    2.474672e-3
5.052523e+9    2.398276e-3
5.072533e+9    2.322030e-3
5.092543e+9    2.246151e-3
5.112553e+9    2.170854e-3
5.132563e+9    2.096354e-3
5.152573e+9    2.022860e-3
5.172583e+9    1.950579e-3
5.192593e+9    1.879713e-3
5.212603e+9    1.810459e-3
5.232613e+9    1.743009e-3
5.252623e+9    1.677547e-3
5.272633e+9    1.614252e-3
5.292643e+9    1.553294e-3
5.312653e+9    1.494836e-3
5.332663e+9    1.439031e-3
5.352673e+9    1.386025e-3
5.372683e+9    1.335951e-3
5.392693e+9    1.288935e-3
5.412703e+9    1.245091e-3
5.432713e+9    1.204523e-3
5.452723e+9    1.167324e-3
5.472733e+9    1.133576e-3
5.492743e+9    1.103348e-3
5.512753e+9    1.076700e-3
5.532763e+9    1.053677e-3
5.552773e+9    1.034316e-3
5.572783e+9    1.018640e-3
5.592793e+9    1.006661e-3
5.612803e+9    9.983786e-4
5.632813e+9    9.937825e-4
5.652823e+9    9.928504e-4
5.672833e+9    9.955489e-4
5.692843e+9    1.001834e-3
5.712853e+9    1.011651e-3
5.732863e+9    1.024936e-3
5.752873e+9    1.041614e-3
5.772883e+9    1.061602e-3
5.792893e+9    1.084806e-3
5.812903e+9    1.111125e-3
5.832913e+9    1.140450e-3
5.852923e+9    1.172662e-3
5.872933e+9    1.207639e-3
5.892943e+9    1.245247e-3
5.912953e+9    1.285350e-3
5.932963e+9    1.327804e-3
5.952973e+9    1.372460e-3
5.972983e+9    1.419165e-3
5.992993e+9    1.467761e-3
6.013003e+9    1.518085e-3
6.033013e+9    1.569974e-3
6.053023e+9    1.623259e-3
6.073033e+9    1.677770e-3
6.093043e+9    1.733335e-3
6.113053e+9    1.789780e-3
6.133063e+9    1.846931e-3
6.153073e+9    1.904614e-3
6.173083e+9    1.962653e-3
6.193093e+9    2.020875e-3
6.213103e+9    2.079106e-3
6.233113e+9    2.137174e-3
6.253123e+9    2.194910e-3
6.273133e+9    2.252144e-3
6.293143e+9    2.308712e-3
6.313153e+9    2.364452e-3
6.333163e+9    2.419205e-3
6.353173e+9    2.472814e-3
6.373183e+9    2.525131e-3
6.393193e+9    2.576007e-3
6.413203e+9    2.625303e-3
6.433213e+9    2.672880e-3
6.453223e+9    2.718610e-3
6.473233e+9    2.762366e-3
6.493243e+9    2.804031e-3
6.513253e+9    2.843491e-3
6.533263e+9    2.880642e-3
6.553273e+9    2.915386e-3
6.573283e+9    2.947631e-3
6.593293e+9    2.977293e-3
6.613303e+9    3.004298e-3
6.633313e+9    3.028576e-3
6.653323e+9    3.050068e-3
6.673333e+9    3.068724e-3
6.693343e+9    3.084498e-3
6.713353e+9    3.097358e-3
6.733363e+9    3.107277e-3
6.753373e+9    3.114238e-3
6.773383e+9    3.118233e-3
6.793393e+9    3.119261e-3
6.813403e+9    3.117333e-3
6.833413e+9    3.112465e-3
6.853423e+9    3.104685e-3
6.873433e+9    3.094027e-3
6.893443e+9    3.080535e-3
6.913453e+9    3.064262e-3
6.933463e+9    3.045267e-3
6.953473e+9    3.023618e-3
6.973483e+9    2.999392e-3
6.993493e+9    2.972672e-3
7.013504e+9    2.943548e-3
7.033514e+9    2.912119e-3
7.053524e+9    2.878488e-3
7.073534e+9    2.842765e-3
7.093544e+9    2.805068e-3
7.113554e+9    2.765518e-3
7.133564e+9    2.724242e-3
7.153574e+9    2.681372e-3
7.173584e+9    2.637043e-3
7.193594e+9    2.591396e-3
7.213604e+9    2.544573e-3
7.233614e+9    2.496720e-3
7.253624e+9    2.447985e-3
7.273634e+9    2.398518e-3
7.293644e+9    2.348471e-3
7.313654e+9    2.297995e-3
7.333664e+9    2.247244e-3
7.353674e+9    2.196369e-3
7.373684e+9    2.145522e-3
7.393694e+9    2.094855e-3
7.413704e+9    2.044516e-3
7.433714e+9    1.994652e-3
7.453724e+9    1.945410e-3
7.473734e+9    1.896929e-3
7.493744e+9    1.849349e-3
7.513754e+9    1.802804e-3
7.533764e+9    1.757426e-3
7.553774e+9    1.713340e-3
7.573784e+9    1.670668e-3
7.593794e+9    1.629527e-3
7.613804e+9    1.590026e-3
7.633814e+9    1.552271e-3
7.653824e+9    1.516362e-3
7.673834e+9    1.482391e-3
7.693844e+9    1.450444e-3
7.713854e+9    1.420602e-3
7.733864e+9    1.392937e-3
7.753874e+9    1.367515e-3
7.773884e+9    1.344395e-3
7.793894e+9    1.323630e-3
7.813904e+9    1.305262e-3
7.833914e+9    1.289331e-3
7.853924e+9    1.275864e-3
7.873934e+9    1.264885e-3
7.893944e+9    1.256409e-3
7.913954e+9    1.250443e-3
7.933964e+9    1.246987e-3
7.953974e+9    1.246035e-3
7.973984e+9    1.247571e-3
7.993994e+9    1.251576e-3
8.014004e+9    1.258020e-3
8.034014e+9    1.266868e-3
8.054024e+9    1.278079e-3
8.074034e+9    1.291604e-3
8.094044e+9    1.307389e-3
8.114054e+9    1.325372e-3
8.134064e+9    1.345486e-3
8.154074e+9    1.367659e-3
8.174084e+9    1.391813e-3
8.194094e+9    1.417864e-3
8.214104e+9    1.445723e-3
8.234114e+9    1.475298e-3
8.254124e+9    1.506491e-3
8.274134e+9    1.539199e-3
8.294144e+9    1.573317e-3
8.314154e+9    1.608736e-3
8.334164e+9    1.645343e-3
8.354174e+9    1.683023e-3
8.374184e+9    1.721657e-3
8.394194e+9    1.761125e-3
8.414204e+9    1.801305e-3
8.434214e+9    1.842073e-3
8.454224e+9    1.883303e-3
8.474234e+9    1.924871e-3
8.494244e+9    1.966650e-3
8.514254e+9    2.008513e-3
8.534264e+9    2.050334e-3
8.554274e+9    2.091989e-3
8.574284e+9    2.133351e-3
8.594294e+9    2.174298e-3
8.614304e+9    2.214709e-3
8.634314e+9    2.254463e-3
8.654324e+9    2.293445e-3
8.674334e+9    2.331540e-3
8.694344e+9    2.368637e-3
8.714354e+9    2.404628e-3
8.734364e+9    2.439409e-3
8.754374e+9    2.472881e-3
8.774384e+9    2.504947e-3
8.794394e+9    2.535518e-3
8.814404e+9    2.564506e-3
8.834414e+9    2.591831e-3
8.854424e+9    2.617417e-3
8.874434e+9    2.641195e-3
8.894444e+9    2.663101e-3
8.914454e+9    2.683075e-3
8.934464e+9    2.701066e-3
8.954474e+9    2.717028e-3
8.974484e+9    2.730922e-3
8.994494e+9    2.742715e-3
9.014505e+9    2.752380e-3
9.034515e+9    2.759897e-3
9.054525e+9    2.765253e-3
9.074535e+9    2.768442e-3
9.094545e+9    2.769463e-3
9.114555e+9    2.768323e-3
9.134565e+9    2.765036e-3
9.154575e+9    2.759621e-3
9.174585e+9    2.752103e-3
9.194595e+9    2.742516e-3
9.214605e+9    2.730897e-3
9.234615e+9    2.717291e-3
9.254625e+9    2.701748e-3
9.274635e+9    2.684324e-3
9.294645e+9    2.665079e-3
9.314655e+9    2.644079e-3
9.334665e+9    2.621397e-3
9.354675e+9    2.597108e-3
9.374685e+9    2.571291e-3
9.394695e+9    2.544031e-3
9.414705e+9    2.515417e-3
9.434715e+9    2.485540e-3
9.454725e+9    2.454495e-3
9.474735e+9    2.422380e-3
9.494745e+9    2.389296e-3
9.514755e+9    2.355345e-3
9.534765e+9    2.320632e-3
9.554775e+9    2.285264e-3
9.574785e+9    2.249349e-3
9.594795e+9    2.212995e-3
9.614805e+9    2.176311e-3
9.634815e+9    2.139409e-3
9.654825e+9    2.102397e-3
9.674835e+9    2.065384e-3
9.694845e+9    2.028481e-3
9.714855e+9    1.991795e-3
9.734865e+9    1.955433e-3
9.754875e+9    1.919500e-3
9.774885e+9    1.884099e-3
9.794895e+9    1.849331e-3
9.814905e+9    1.815297e-3
9.834915e+9    1.782091e-3
9.854925e+9    1.749807e-3
9.874935e+9    1.718535e-3
9.894945e+9    1.688362e-3
9.914955e+9    1.659371e-3
9.934965e+9    1.631641e-3
9.954975e+9    1.605246e-3
9.974985e+9    1.580259e-3
9.994995e+9    1.556745e-3
1.001501e+10    1.534766e-3
1.003502e+10    1.514379e-3
1.005503e+10    1.495636e-3
1.007504e+10    1.478583e-3
1.009505e+10    1.463264e-3
1.011506e+10    1.449714e-3
1.013507e+10    1.437965e-3
1.015508e+10    1.428043e-3
1.017509e+10    1.419967e-3
1.019510e+10    1.413754e-3
1.021511e+10    1.409411e-3
1.023512e+10    1.406944e-3
1.025513e+10    1.406350e-3
1.027514e+10    1.407622e-3
1.029515e+10    1.410747e-3
1.031516e+10    1.415708e-3
1.033517e+10    1.422481e-3
1.035518e+10    1.431037e-3
1.037519e+10    1.441342e-3
1.039520e+10    1.453357e-3
1.041521e+10    1.467039e-3
1.043522e+10    1.482338e-3
1.045523e+10    1.499202e-3
1.047524e+10    1.517573e-3
1.049525e+10    1.537389e-3
1.051526e+10    1.558583e-3
1.053527e+10    1.581087e-3
1.055528e+10    1.604825e-3
1.057529e+10    1.629722e-3
1.059530e+10    1.655698e-3
1.061531e+10    1.682668e-3
1.063532e+10    1.710548e-3
1.065533e+10    1.739249e-3
1.067534e+10    1.768681e-3
1.069535e+10    1.798752e-3
1.071536e+10    1.829368e-3
1.073537e+10    1.860435e-3
1.075538e+10    1.891856e-3
1.077539e+10    1.923536e-3
1.079540e+10    1.955376e-3
1.081541e+10    1.987281e-3
1.083542e+10    2.019153e-3
1.085543e+10    2.050897e-3
1.087544e+10    2.082416e-3
1.089545e+10    2.113616e-3
1.091546e+10    2.144405e-3
1.093547e+10    2.174691e-3
1.095548e+10    2.204384e-3
1.097549e+10    2.233398e-3
1.099550e+10    2.261647e-3
1.101551e+10    2.289050e-3
1.103552e+10    2.315528e-3
1.105553e+10    2.341003e-3
1.107554e+10    2.365405e-3
1.109555e+10    2.388664e-3
1.111556e+10    2.410714e-3
1.113557e+10    2.431495e-3
1.115558e+10    2.450948e-3
1.117559e+10    2.469022e-3
1.119560e+10    2.485668e-3
1.121561e+10    2.500841e-3
1.123562e+10    2.514503e-3
1.125563e+10    2.526619e-3
1.127564e+10    2.537158e-3
1.129565e+10    2.546097e-3
1.131566e+10    2.553414e-3
1.133567e+10    2.559095e-3
1.135568e+10    2.563130e-3
1.137569e+10    2.565513e-3
1.139570e+10    2.566244e-3
1.141571e+10    2.565329e-3
1.143572e+10    2.562776e-3
1.145573e+10    2.558599e-3
1.147574e+10    2.552819e-3
1.149575e+10    2.545459e-3
1.151576e+10    2.536547e-3
1.153577e+10    2.526116e-3
1.155578e+10    2.514203e-3
1.157579e+10    2.500850e-3
1.159580e+10    2.486102e-3
1.161581e+10    2.470009e-3
1.163582e+10    2.452624e-3
1.165583e+10    2.434004e-3
1.167584e+10    2.414208e-3
1.169585e+10    2.393300e-3
1.171586e+10    2.371346e-3
1.173587e+10    2.348416e-3
1.175588e+10    2.324581e-3
1.177589e+10    2.299915e-3
1.179590e+10    2.274495e-3
1.181591e+10    2.248398e-3
1.183592e+10    2.221705e-3
1.185593e+10    2.194496e-3
1.187594e+10    2.166854e-3
1.189595e+10    2.138863e-3
1.191596e+10    2.110605e-3
1.193597e+10    2.082167e-3
1.195598e+10    2.053631e-3
1.197599e+10    2.025084e-3
1.199600e+10    1.996610e-3
1.201601e+10    1.968291e-3
1.203602e+10    1.940212e-3
1.205603e+10    1.912454e-3
1.207604e+10    1.885098e-3
1.209605e+10    1.858224e-3
1.211606e+10    1.831908e-3
1.213607e+10    1.806227e-3
1.215608e+10    1.781254e-3
1.217609e+10    1.757060e-3
1.219610e+10    1.733714e-3
1.221611e+10    1.711281e-3
1.223612e+10    1.689824e-3
1.225613e+10    1.669403e-3
1.227614e+10    1.650075e-3
1.229615e+10    1.631892e-3
1.231616e+10    1.614903e-3
1.233617e+10    1.599155e-3
1.235618e+10    1.584689e-3
1.237619e+10    1.571543e-3
1.239620e+10    1.559751e-3
1.241621e+10    1.549342e-3
1.243622e+10    1.540342e-3
1.245623e+10    1.532771e-3
1.247624e+10    1.526647e-3
1.249625e+10    1.521981e-3
1.251626e+10    1.518782e-3
1.253627e+10    1.517053e-3
1.255628e+10    1.516792e-3
1.257629e+10    1.517996e-3
1.259630e+10    1.520653e-3
1.261631e+10    1.524751e-3
1.263632e+10    1.530270e-3
1.265633e+10    1.537188e-3
1.267634e+10    1.545479e-3
1.269635e+10    1.555112e-3
1.271636e+10    1.566052e-3
1.273637e+10    1.578261e-3
1.275638e+10    1.591696e-3
1.277639e+10    1.606314e-3
1.279640e+10    1.622064e-3
1.281641e+10    1.638895e-3
1.283642e+10    1.656750e-3
1.285643e+10    1.675574e-3
1.287644e+10    1.695304e-3
1.289645e+10    1.715878e-3
1.291646e+10    1.737230e-3
1.293647e+10    1.759293e-3
1.295648e+10    1.781998e-3
1.297649e+10    1.805273e-3
1.299650e+10    1.829046e-3
1.301651e+10    1.853244e-3
1.303652e+10    1.877793e-3
1.305653e+10    1.902616e-3
1.307654e+10    1.927639e-3
1.309655e+10    1.952785e-3
1.311656e+10    1.977978e-3
1.313657e+10    2.003143e-3
1.315658e+10    2.028203e-3
1.317659e+10    2.053085e-3
1.319660e+10    2.077714e-3
1.321661e+10    2.102017e-3
1.323662e+10    2.125923e-3
1.325663e+10    2.149362e-3
1.327664e+10    2.172264e-3
1.329665e+10    2.194565e-3
1.331666e+10    2.216198e-3
1.333667e+10    2.237103e-3
1.335668e+10    2.257218e-3
1.337669e+10    2.276488e-3
1.339670e+10    2.294857e-3
1.341671e+10    2.312274e-3
1.343672e+10    2.328690e-3
1.345673e+10    2.344061e-3
1.347674e+10    2.358344e-3
1.349675e+10    2.371500e-3
1.351676e+10    2.383494e-3
1.353677e+10    2.394296e-3
1.355678e+10    2.403876e-3
1.357679e+10    2.412211e-3
1.359680e+10    2.419280e-3
1.361681e+10    2.425067e-3
1.363682e+10    2.429558e-3
1.365683e+10    2.432746e-3
1.367684e+10    2.434625e-3
1.369685e+10    2.435194e-3
1.371686e+10    2.434456e-3
1.373687e+10    2.432418e-3
1.375688e+10    2.429090e-3
1.377689e+10    2.424487e-3
1.379690e+10    2.418626e-3
1.381691e+10    2.411530e-3
1.383692e+10    2.403223e-3
1.385693e+10    2.393734e-3
1.387694e+10    2.383095e-3
1.389695e+10    2.371343e-3
1.391696e+10    2.358515e-3
1.393697e+10    2.344653e-3
1.395698e+10    2.329803e-3
1.397699e+10    2.314010e-3
1.399700e+10    2.297326e-3
1.401701e+10    2.279803e-3
1.403702e+10    2.261495e-3
1.405703e+10    2.242461e-3
1.407704e+10    2.222757e-3
1.409705e+10    2.202447e-3
1.411706e+10    2.181591e-3
1.413707e+10    2.160253e-3
1.415708e+10    2.138500e-3
1.417709e+10    2.116395e-3
1.419710e+10    2.094008e-3
1.421711e+10    2.071404e-3
1.423712e+10    2.048652e-3
1.425713e+10    2.025819e-3
1.427714e+10    2.002975e-3
1.429715e+10    1.980187e-3
1.431716e+10    1.957522e-3
1.433717e+10    1.935048e-3
1.435718e+10    1.912830e-3
1.437719e+10    1.890934e-3
1.439720e+10    1.869424e-3
1.441721e+10    1.848363e-3
1.443722e+10    1.827810e-3
1.445723e+10    1.807826e-3
1.447724e+10    1.788469e-3
1.449725e+10    1.769793e-3
1.451726e+10    1.751851e-3
1.453727e+10    1.734695e-3
1.455728e+10    1.718373e-3
1.457729e+10    1.702929e-3
1.459730e+10    1.688407e-3
1.461731e+10    1.674847e-3
1.463732e+10    1.662285e-3
1.465733e+10    1.650756e-3
1.467734e+10    1.640289e-3
1.469735e+10    1.630912e-3
1.471736e+10    1.622648e-3
1.473737e+10    1.615518e-3
1.475738e+10    1.609539e-3
1.477739e+10    1.604725e-3
1.479740e+10    1.601085e-3
1.481741e+10    1.598625e-3
1.483742e+10    1.597349e-3
1.485743e+10    1.597256e-3
1.487744e+10    1.598341e-3
1.489745e+10    1.600596e-3
1.491746e+10    1.604011e-3
1.493747e+10    1.608570e-3
1.495748e+10    1.614256e-3
1.497749e+10    1.621047e-3
1.499750e+10    1.628919e-3
1.501751e+10    1.637845e-3
1.503752e+10    1.647792e-3
1.505753e+10    1.658728e-3
1.507754e+10    1.670617e-3
1.509755e+10    1.683418e-3
1.511756e+10    1.697091e-3
1.513757e+10    1.711592e-3
1.515758e+10    1.726873e-3
1.517759e+10    1.742886e-3
1.519760e+10    1.759581e-3
1.521761e+10    1.776905e-3
1.523762e+10    1.794804e-3
1.525763e+10    1.813223e-3
1.527764e+10    1.832104e-3
1.529765e+10    1.851390e-3
1.531766e+10    1.871021e-3
1.533767e+10    1.890937e-3
1.535768e+10    1.911079e-3
1.537769e+10    1.931384e-3
1.539770e+10    1.951792e-3
1.541771e+10    1.972241e-3
1.543772e+10    1.992671e-3
1.545773e+10    2.013019e-3
1.547774e+10    2.033226e-3
1.549775e+10    2.053232e-3
1.551776e+10    2.072978e-3
1.553777e+10    2.092405e-3
1.555778e+10    2.111457e-3
1.557779e+10    2.130078e-3
1.559780e+10    2.148214e-3
1.561781e+10    2.165813e-3
1.563782e+10    2.182822e-3
1.565783e+10    2.199195e-3
1.567784e+10    2.214883e-3
1.569785e+10    2.229843e-3
1.571786e+10    2.244032e-3
1.573787e+10    2.257410e-3
1.575788e+10    2.269939e-3
1.577789e+10    2.281586e-3
1.579790e+10    2.292317e-3
1.581791e+10    2.302104e-3
1.583792e+10    2.310921e-3
1.585793e+10    2.318745e-3
1.587794e+10    2.325554e-3
1.589795e+10    2.331333e-3
1.591796e+10    2.336066e-3
1.593797e+10    2.339743e-3
1.595798e+10    2.342356e-3
1.597799e+10    2.343901e-3
1.599800e+10    2.344377e-3
1.601801e+10    2.343784e-3
1.603802e+10    2.342129e-3
1.605803e+10    2.339419e-3
1.607804e+10    2.335665e-3
1.609805e+10    2.330883e-3
1.611806e+10    2.325089e-3
1.613807e+10    2.318304e-3
1.615808e+10    2.310551e-3
1.617809e+10    2.301855e-3
1.619810e+10    2.292247e-3
1.621811e+10    2.281757e-3
1.623812e+10    2.270419e-3
1.625813e+10    2.258269e-3
1.627814e+10    2.245347e-3
1.629815e+10    2.231693e-3
1.631816e+10    2.217350e-3
1.633817e+10    2.202363e-3
1.635818e+10    2.186779e-3
1.637819e+10    2.170645e-3
1.639820e+10    2.154012e-3
1.641821e+10    2.136931e-3
1.643822e+10    2.119453e-3
1.645823e+10    2.101633e-3
1.647824e+10    2.083524e-3
1.649825e+10    2.065181e-3
1.651826e+10    2.046659e-3
1.653827e+10    2.028015e-3
1.655828e+10    2.009303e-3
1.657829e+10    1.990580e-3
1.659830e+10    1.971902e-3
1.661831e+10    1.953324e-3
1.663832e+10    1.934900e-3
1.665833e+10    1.916686e-3
1.667834e+10    1.898734e-3
1.669835e+10    1.881097e-3
1.671836e+10    1.863827e-3
1.673837e+10    1.846973e-3
1.675838e+10    1.830584e-3
1.677839e+10    1.814708e-3
1.679840e+10    1.799389e-3
1.681841e+10    1.784672e-3
1.683842e+10    1.770599e-3
1.685843e+10    1.757207e-3
1.687844e+10    1.744537e-3
1.689845e+10    1.732621e-3
1.691846e+10    1.721494e-3
1.693847e+10    1.711185e-3
1.695848e+10    1.701723e-3
1.697849e+10    1.693133e-3
1.699850e+10    1.685436e-3
1.701851e+10    1.678654e-3
1.703852e+10    1.672803e-3
1.705853e+10    1.667896e-3
1.707854e+10    1.663947e-3
1.709855e+10    1.660962e-3
1.711856e+10    1.658948e-3
1.713857e+10    1.657907e-3
1.715858e+10    1.657839e-3
1.717859e+10    1.658741e-3
1.719860e+10    1.660607e-3
1.721861e+10    1.663427e-3
1.723862e+10    1.667191e-3
1.725863e+10    1.671884e-3
1.727864e+10    1.677489e-3
1.729865e+10    1.683985e-3
1.731866e+10    1.691352e-3
1.733867e+10    1.699563e-3
1.735868e+10    1.708592e-3
1.737869e+10    1.718409e-3
1.739870e+10    1.728981e-3
1.741871e+10    1.740276e-3
1.743872e+10    1.752257e-3
1.745873e+10    1.764887e-3
1.747874e+10    1.778124e-3
1.749875e+10    1.791929e-3
1.751876e+10    1.806257e-3
1.753877e+10    1.821065e-3
1.755878e+10    1.836306e-3
1.757879e+10    1.851935e-3
1.759880e+10    1.867903e-3
1.761881e+10    1.884161e-3
1.763882e+10    1.900660e-3
1.765883e+10    1.917350e-3
1.767884e+10    1.934181e-3
1.769885e+10    1.951101e-3
1.771886e+10    1.968061e-3
1.773887e+10    1.985009e-3
1.775888e+10    2.001895e-3
1.777889e+10    2.018669e-3
1.779890e+10    2.035280e-3
1.781891e+10    2.051680e-3
1.783892e+10    2.067820e-3
1.785893e+10    2.083654e-3
1.787894e+10    2.099134e-3
1.789895e+10    2.114215e-3
1.791896e+10    2.128854e-3
1.793897e+10    2.143008e-3
1.795898e+10    2.156636e-3
1.797899e+10    2.169700e-3
1.799900e+10    2.182161e-3
1.801901e+10    2.193984e-3
1.803902e+10    2.205137e-3
1.805903e+10    2.215587e-3
1.807904e+10    2.225305e-3
1.809905e+10    2.234265e-3
1.811906e+10    2.242442e-3
1.813907e+10    2.249813e-3
1.815908e+10    2.256360e-3
1.817909e+10    2.262065e-3
1.819910e+10    2.266913e-3
1.821911e+10    2.270892e-3
1.823912e+10    2.273994e-3
1.825913e+10    2.276211e-3
1.827914e+10    2.277539e-3
1.829915e+10    2.277977e-3
1.831916e+10    2.277526e-3
1.833917e+10    2.276190e-3
1.835918e+10    2.273976e-3
1.837919e+10    2.270893e-3
1.839920e+10    2.266952e-3
1.841921e+10    2.262168e-3
1.843922e+10    2.256557e-3
1.845923e+10    2.250138e-3
1.847924e+10    2.242934e-3
1.849925e+10    2.234967e-3
1.851926e+10    2.226264e-3
1.853927e+10    2.216853e-3
1.855928e+10    2.206763e-3
1.857929e+10    2.196028e-3
1.859930e+10    2.184680e-3
1.861931e+10    2.172755e-3
1.863932e+10    2.160290e-3
1.865933e+10    2.147325e-3
1.867934e+10    2.133898e-3
1.869935e+10    2.120052e-3
1.871936e+10    2.105829e-3
1.873937e+10    2.091271e-3
1.875938e+10    2.076424e-3
1.877939e+10    2.061332e-3
1.879940e+10    2.046041e-3
1.881941e+10    2.030596e-3
1.883942e+10    2.015045e-3
1.885943e+10    1.999433e-3
1.887944e+10    1.983808e-3
1.889945e+10    1.968215e-3
1.891946e+10    1.952700e-3
1.893947e+10    1.937310e-3
1.895948e+10    1.922090e-3
1.897949e+10    1.907084e-3
1.899950e+10    1.892336e-3
1.901951e+10    1.877890e-3
1.903952e+10    1.863787e-3
1.905953e+10    1.850067e-3
1.907954e+10    1.836771e-3
1.909955e+10    1.823937e-3
1.911956e+10    1.811601e-3
1.913957e+10    1.799798e-3
1.915958e+10    1.788562e-3
1.917959e+10    1.777924e-3
1.919960e+10    1.767915e-3
1.921961e+10    1.758561e-3
1.923962e+10    1.749889e-3
1.925963e+10    1.741922e-3
1.927964e+10    1.734681e-3
1.929965e+10    1.728187e-3
1.931966e+10    1.722456e-3
1.933967e+10    1.717502e-3
1.935968e+10    1.713339e-3
1.937969e+10    1.709975e-3
1.939970e+10    1.707419e-3
1.941971e+10    1.705676e-3
1.943972e+10    1.704748e-3
1.945973e+10    1.704636e-3
1.947974e+10    1.705337e-3
1.949975e+10    1.706848e-3
1.951976e+10    1.709160e-3
1.953977e+10    1.712265e-3
1.955978e+10    1.716152e-3
1.957979e+10    1.720805e-3
1.959980e+10    1.726210e-3
1.961981e+10    1.732347e-3
1.963982e+10    1.739197e-3
1.965983e+10    1.746737e-3
1.967984e+10    1.754941e-3
1.969985e+10    1.763785e-3
1.971986e+10    1.773239e-3
1.973987e+10    1.783274e-3
1.975988e+10    1.793858e-3
1.977989e+10    1.804958e-3
1.979990e+10    1.816539e-3
1.981991e+10    1.828565e-3
1.983992e+10    1.840999e-3
1.985993e+10    1.853804e-3
1.987994e+10    1.866939e-3
1.989995e+10    1.880364e-3
1.991996e+10    1.894039e-3
1.993997e+10    1.907922e-3
1.995998e+10    1.921971e-3
1.997999e+10    1.936144e-3
2.000000e+10    1.950397e-3
